V1,18,20
V2,21,23
V3,24,26
V4,27,29
V5,30,32
V6,33,35
VF,36,38
VL,39,41
VR,42,44
001,45,47
002,48,50
003,51,53
004,54,56
005,57,59
006,60,62
007,63,65
008,66,68
009,69,71
010,72,74
011,75,77
012,78,80
013,81,83
014,84,86
015,87,89
016,90,92
017,93,95
018,96,98
019,99,101
020,102,104
021,105,107
022,108,110
023,111,113
024,114,116
025,117,119
026,120,122
027,123,125
028,126,128
029,129,131
030,132,134
031,135,137
032,138,140
033,141,143
034,144,146
035,147,149
036,150,152
037,153,155
038,156,158
039,159,161
040,162,164
041,165,167
042,168,170
043,171,173
044,174,176
045,177,179
046,180,182
047,183,185
048,186,188
049,189,191
050,192,194
051,195,197
052,198,200
053,201,203
054,204,206
055,207,209
056,210,212
057,213,215
058,216,218
059,219,221
060,222,224
061,225,227
062,228,230
063,231,233
064,234,236
065,237,239
066,240,242
067,243,245
068,246,248
069,249,251
070,252,254
071,255,257
072,258,260
073,261,263
074,264,266
075,267,269
076,270,272
077,273,275
078,276,278
079,279,281
080,282,284
081,285,287
082,288,290
083,291,293
084,294,296
085,297,299
086,300,302
087,303,305
088,306,308
089,309,311
090,312,314
091,315,317
092,318,320
093,321,323
094,324,326
095,327,329
096,330,332
097,333,335
098,336,338
099,339,341
100,342,344
101,345,347
102,348,350
103,351,353
104,354,356
105,357,359
106,360,362
107,363,365
108,366,368
109,369,371
110,372,374
111,375,377
112,378,380
113,381,383
114,384,386
115,387,389
116,390,392
117,393,395
118,396,398
119,399,401
120,402,404
121,405,407
122,408,410
123,411,413
124,414,416
125,417,419
126,420,422
127,423,425
128,426,428
129,429,431
130,432,434
131,435,437
132,438,440
133,441,443
134,444,446
135,447,449
136,450,452
137,453,455
138,456,458
139,459,461
140,462,464
141,465,467
142,468,470
143,471,473
144,474,476
145,477,479
146,480,482
147,483,485
148,486,488
149,489,491
150,492,494
151,495,497
152,498,500
153,501,503
154,504,506
155,507,509
156,510,512
157,513,515
158,516,518
159,519,521
160,522,524
161,525,527
162,528,530
163,531,533
164,534,536
165,537,539
166,540,542
167,543,545
168,546,548
169,549,551
170,552,554
171,555,557
172,558,560
173,561,563
174,564,566
175,567,569
176,570,572
177,573,575
178,576,578
179,579,581
180,582,584
181,585,587
182,588,590
183,591,593
184,594,596
185,597,599
186,600,602
187,603,605
188,606,608
189,609,611
190,612,614
191,615,617
192,618,620
193,621,623
194,624,626
195,627,629
196,630,632
197,633,635
198,636,638
199,639,641
200,642,644
201,645,647
202,648,650
203,651,653
204,654,656
205,657,659
206,660,662
207,663,665
208,666,668
209,669,671
210,672,674
211,675,677
212,678,680
213,681,683
214,684,686
215,687,689
216,690,692
217,693,695
218,696,698
219,699,701
220,702,704
221,705,707
222,708,710
223,711,713
224,714,716
225,717,719
226,720,722
227,723,725
228,726,728
229,729,731
230,732,734
231,735,737
232,738,740
233,741,743
234,744,746
235,747,749
236,750,752
237,753,755
238,756,758
239,759,761
240,762,764
241,765,767
242,768,770
243,771,773
244,774,776
245,777,779
246,780,782
247,783,785
248,786,788
249,789,791
250,792,794
251,795,797
252,798,800
HIPL,801,803
HIPR,804,806
